latitude(deg)  longitude(deg)
latitude(deg)  longitude(deg)
52.722429678  -7.319251692
52.722429499  -7.319252591
52.722429087  -7.319253126
52.722429024  -7.319253961
52.722428304  -7.319254512
52.722427784  -7.319255377
52.722427095  -7.319255662
52.722426177  -7.31925548
52.722424721  -7.319255094
52.722423761  -7.319254566
52.72242306  -7.31925383
52.722422429  -7.319253167
52.722422034  -7.319252564
52.722421338  -7.319252302
52.722421022  -7.319252222
52.722420869  -7.319252115
52.722420806  -7.319252208
52.722420743  -7.319252429
52.722420715  -7.319252483
52.722420784  -7.319252433
52.722420513  -7.319252342
52.722420661  -7.319252353
52.722420519  -7.319252288
52.722420565  -7.319252317
52.722420415  -7.319252152
52.722420296  -7.319251988
52.722420205  -7.31925179
52.722420086  -7.319251605
52.722420065  -7.319251561
52.722420098  -7.319251578
52.72242041  -7.319251653
52.722420598  -7.319251747
52.722420779  -7.319251778
52.722420799  -7.319251726
52.722420945  -7.319251625
52.722421007  -7.319251454
52.722421051  -7.319251395
52.722421202  -7.319251369
52.722421361  -7.319251369
52.722421655  -7.319251388
52.722421737  -7.319251268
52.722421926  -7.319251144
52.722422094  -7.319251078
52.722422134  -7.319250911
52.722422207  -7.319250774
52.722422312  -7.319250677
52.722422536  -7.319250644
52.722422666  -7.319250516
52.722422857  -7.31925044
52.722423059  -7.319250454
52.722423269  -7.319250379
52.722423493  -7.31925042
52.72242365  -7.319250308
52.722423754  -7.319250312
52.722423854  -7.319250253
52.722424071  -7.31925023
52.722424239  -7.319250134
52.722424221  -7.319250173
52.722424163  -7.319250166
52.722424121  -7.319250218
52.722424165  -7.319250189
52.722424215  -7.319250127
52.722424445  -7.319250137
52.722424554  -7.3192502
52.722424654  -7.319250145
52.722424687  -7.319250204
52.722424801  -7.319250241
52.722424965  -7.319250304
52.722425045  -7.319250263
52.722425142  -7.319250241
52.72242529  -7.319250218
52.722425363  -7.319250204
52.722425381  -7.319250159
52.722425464  -7.319250131
52.722425533  -7.319250098
52.722425628  -7.319250093
52.722425703  -7.319250053
52.722425821  -7.319249991
52.722425994  -7.319249967
52.722426082  -7.319249976
52.722426107  -7.319249997
52.722426179  -7.319249997
52.722426314  -7.319250071
52.722426408  -7.319250152
52.722426462  -7.319250284
52.72242656  -7.319250334
52.722426644  -7.319250395
52.722426724  -7.319250454
52.722426807  -7.319250521
52.722426864  -7.319250543
52.722426911  -7.319250675
52.722426972  -7.319250752
52.722427008  -7.31925082
52.722427049  -7.319250865
52.722427162  -7.319250969
52.722427232  -7.319251127
52.722427258  -7.319251148
52.7224273  -7.319251196
52.722427352  -7.319251299
52.722427414  -7.319251359
52.722427481  -7.31925144
52.722427519  -7.319251461
52.722427543  -7.319251514
52.722427549  -7.319251555
52.722427524  -7.319251495
52.722427555  -7.319251531
52.722427534  -7.319251543
52.722427526  -7.319251561
52.722427517  -7.319251538
52.72242748  -7.319251547
52.722427515  -7.319251527
52.722427522  -7.319251551
52.722427553  -7.319251567
52.722427576  -7.3192516
52.722427588  -7.319251565
52.722427574  -7.319251478
52.722427552  -7.319251431
52.722427519  -7.319251419
52.722427477  -7.319251415
52.722427417  -7.319251454
52.722427425  -7.319251466
52.722427362  -7.319251545
52.722427363  -7.319251537
52.722427325  -7.319251581
52.722427324  -7.319251601
52.722427372  -7.319251616
52.722427399  -7.319251616
52.722427428  -7.319251592
52.72242739  -7.319251539
52.722427426  -7.319251464
52.722427429  -7.319251422
52.722427488  -7.319251369
52.722427545  -7.31925134
52.722427575  -7.319251336
52.722427616  -7.319251319
52.722427684  -7.319251264
52.722427747  -7.319251262
52.722427799  -7.319251239
52.722427816  -7.319251213
52.722427879  -7.319251199
52.722427916  -7.319251176
52.722427979  -7.319251196
52.722428019  -7.319251159
52.722428066  -7.319251152
52.722428075  -7.319251139
52.722428099  -7.319251165
52.722428147  -7.319251168
52.722428186  -7.319251181
52.722430303  -7.319251928
52.722430304  -7.319251928
52.722430304  -7.319251928
52.722430304  -7.319251929
52.722430304  -7.319251929
52.722430304  -7.319251929
52.722430304  -7.319251929
52.722430304  -7.319251929
52.722430304  -7.31925193
52.722430304  -7.31925193
52.722430304  -7.31925193
52.722430304  -7.31925193
52.722430305  -7.31925193
52.722430305  -7.319251931
52.722430305  -7.319251931
52.722430305  -7.319251931
52.722430305  -7.319251931
52.722430305  -7.319251931
52.722430304  -7.319251932
52.722430305  -7.319251932
52.722430305  -7.319251932
52.722430305  -7.319251932
52.722430305  -7.319251933
52.722430305  -7.319251933
52.722430305  -7.319251933
52.722430305  -7.319251933
52.722430305  -7.319251933
52.722430305  -7.319251934
52.722430305  -7.319251934
52.722430305  -7.319251934
52.722430304  -7.319251934
52.722430304  -7.319251934
52.722430304  -7.319251934
52.722430304  -7.319251935
52.722430304  -7.319251935
52.722430305  -7.319251935
52.722430305  -7.319251935
52.722430305  -7.319251935
52.722430305  -7.319251936
52.722430305  -7.319251936
52.722430305  -7.319251936
52.722430305  -7.319251936
52.722430305  -7.319251936
52.722430305  -7.319251936
52.722430305  -7.319251936
52.722430305  -7.319251936
52.722430305  -7.319251936
52.722430305  -7.319251936
52.722430304  -7.319251937
52.722430306  -7.319251939
52.722427484  -7.319253977
52.722425375  -7.319259267
52.722422172  -7.319267237
52.72241788  -7.319277809
52.722412557  -7.319290792
52.722406155  -7.319305533
52.722398767  -7.319324089
52.722390148  -7.319344555
52.722380855  -7.319367337
52.722376132  -7.3193818
52.722371645  -7.319397174
52.722366927  -7.319413461
52.722362791  -7.319428483
52.722359709  -7.319444816
52.722355771  -7.319462152
52.722351493  -7.319480679
52.722346977  -7.319500429
52.722346953  -7.31950026
52.722346974  -7.319500069
52.722347041  -7.319499951
52.722347077  -7.319499847
52.722347061  -7.319499757
52.722346973  -7.319499687
52.722346801  -7.319499606
52.722346571  -7.319499676
52.722346693  -7.319499526
52.722346784  -7.319499382
52.722346845  -7.319499267
52.722346872  -7.319499107
52.722346834  -7.319498948
52.722346815  -7.31949892
52.722346793  -7.319499031
52.722346845  -7.319499144
52.722346857  -7.319499291
52.722346838  -7.319499506
52.722346776  -7.319499755
52.722346621  -7.319500038
52.722346428  -7.319500364
52.722346417  -7.319500231
52.722346189  -7.319500623
52.722345963  -7.31950101
52.722345764  -7.319501368
52.722345483  -7.31950177
52.72234518  -7.319502333
52.722345293  -7.319502273
52.722345359  -7.31950228
52.722345483  -7.319502312
52.722345603  -7.319502381
52.722345718  -7.31950246
52.722345833  -7.319502483
52.722345987  -7.31950246
52.722346188  -7.319502452
52.722346473  -7.319502405
52.722346709  -7.319502317
52.722347016  -7.319502189
52.722347183  -7.319502426
52.722347117  -7.319502926
52.72234766  -7.31950302
52.722348032  -7.3195034
52.722348567  -7.319503852
52.722349276  -7.319504356
52.72234966  -7.319504546
52.722350122  -7.319504744
52.722350721  -7.319505026
52.722351468  -7.319505333
52.722352398  -7.319505668
52.722353313  -7.319505923
52.722353375  -7.319505769
52.722353455  -7.319505618
52.722353599  -7.319505467
52.722353694  -7.31950542
52.722353767  -7.319505338
52.722353855  -7.319505433
52.722353895  -7.319505192
52.72235393  -7.319505025
52.722353986  -7.319504852
52.722354036  -7.319504687
52.722354086  -7.319504529
52.722354085  -7.319504367
52.722354146  -7.319504168
52.722354198  -7.319503989
52.722354249  -7.319503808
52.722354302  -7.319503625
52.722354357  -7.319503441
52.722354411  -7.319503261
52.722354489  -7.319503068
52.722354565  -7.319502893
52.722354641  -7.319502713
52.722354717  -7.319502536
52.722354794  -7.319502361
52.722354871  -7.319502184
52.722354948  -7.319502006
52.722355026  -7.31950183
52.722355105  -7.319501654
52.722355185  -7.319501478
52.722355264  -7.3195013
52.722355347  -7.319501117
52.722355431  -7.31950093
52.722355514  -7.319500749
52.722355596  -7.319500565
52.722355679  -7.319500381
52.722355761  -7.319500191
52.722355844  -7.319499994
52.722355935  -7.319499802
52.722356026  -7.319499606
52.722356115  -7.319499405
52.722356212  -7.319499205
52.722356314  -7.319499006
52.72235642  -7.319498798
52.722356524  -7.31949859
52.722356632  -7.31949838
52.722356743  -7.319498167
52.722356855  -7.31949795
52.722356968  -7.319497731
52.722357083  -7.319497503
52.722357201  -7.31949727
52.722357321  -7.319497031
52.722357449  -7.319496786
52.722357577  -7.319496544
52.722357704  -7.319496297
52.72235783  -7.319496038
52.722357966  -7.319495779
52.722358099  -7.319495514
52.722358242  -7.319495238
52.72235838  -7.319494959
52.722358524  -7.319494671
52.722358674  -7.319494384
52.722358827  -7.319494088
52.722358983  -7.319493792
52.722359144  -7.319493493
52.722359303  -7.319493188
52.722359463  -7.319492878
52.722359627  -7.319492565
52.722359796  -7.319492248
52.722359961  -7.319491929
52.722360128  -7.319491609
52.722360299  -7.319491286
52.722360476  -7.319490958
52.722360653  -7.319490619
52.722360838  -7.31949028
52.722361027  -7.319489934
52.72236121  -7.319489586
52.722361404  -7.319489229
52.722361596  -7.319488875
52.722361798  -7.319488515
52.722362003  -7.319488153
52.722362203  -7.319487785
52.722362416  -7.319487418
52.72236263  -7.319487048
52.722362843  -7.319486677
52.722363071  -7.319486298
52.722363291  -7.31948591
52.722363522  -7.319485519
52.722363759  -7.319485125
52.722363996  -7.319484723
52.722364239  -7.31948432
52.722364476  -7.31948391
52.722364724  -7.319483505
52.722364973  -7.319483089
52.722365215  -7.319482678
52.722365468  -7.319482264
52.722365712  -7.319481874
52.72236598  -7.319481449
52.72236626  -7.319481017
52.722366528  -7.319480591
52.722366802  -7.319480169
52.72236709  -7.319479727
52.722367382  -7.319479269
52.72236768  -7.319478821
52.722367981  -7.319478365
52.722368294  -7.319477907
52.722368604  -7.31947744
52.722368919  -7.319476965
52.722369241  -7.319476487
52.722369563  -7.319476009
52.72236989  -7.319475519
52.72237022  -7.319475028
52.722370552  -7.319474524
52.722370896  -7.31947402
52.722371246  -7.319473502
52.722371599  -7.319472987
52.722371954  -7.319472476
52.722372314  -7.319471958
52.722372671  -7.319471428
52.722373037  -7.319470885
52.722373411  -7.31947034
52.722373781  -7.3194698
52.722374151  -7.319469242
52.722374535  -7.319468689
52.722374888  -7.319468209
52.722375246  -7.319467713
52.722375601  -7.319467207
52.722375965  -7.319466697
52.722376325  -7.319466166
52.722376697  -7.319465623
52.722377065  -7.319465075
52.722377442  -7.319464532
52.722377819  -7.319463975
52.722378194  -7.319463411
52.722378569  -7.319462846
52.722378949  -7.319462271
52.72237933  -7.319461693
52.722379718  -7.319461123
52.7223801  -7.319460533
52.72238049  -7.319459949
52.72238089  -7.319459363
52.722381289  -7.319458779
52.722381691  -7.319458177
52.722382092  -7.319457579
52.722382504  -7.319456977
52.722382914  -7.319456375
52.722383321  -7.319455769
52.722383732  -7.319455161
52.722384138  -7.319454551
52.722384564  -7.319453932
52.722384983  -7.319453307
52.722385414  -7.319452685
52.722385828  -7.319452055
52.722386255  -7.319451434
52.722386662  -7.319450835
52.722387098  -7.319450204
52.722387526  -7.319449601
52.722387955  -7.319448976
52.722388397  -7.319448333
52.72238883  -7.319447702
52.722389261  -7.31944706
52.722389708  -7.31944642
52.722390134  -7.319445808
52.722390584  -7.319445158
52.722391037  -7.319444505
52.7223915  -7.319443861
52.722391954  -7.319443202
52.722392399  -7.319442531
52.722392844  -7.319441864
